------------------------------------------------------------------------------------------------------------------------------------------------------------------------------------------------------------------------------------------------------------------------------------------------------------------------------------------------------------------
Product :	0507_00_A_FOOT2_MODULE
Date    :	Pazartesi, 07 Aðustos 2017 18:11:37
Author  :	mcy
"Only main bodies" option :	Unchecked
------------------------------------------------------------------------------------------------------------------------------------------------------------------------------------------------------------------------------------------------------------------------------------------------------------------------------------------------------------------
Component                      | Sub-Component                  | Area[m2]        | Volume[m3]      | Density[kg_m3]  | Mass[kg]        | Gx[mm]          | Gy[mm]          | Gz[mm]          | M1[kgxm2]       | M2[kgxm2]       | M3[kgxm2]       | IoxG[kgxm2]     | IoyG[kgxm2]     | IozG[kgxm2]     | IxyG[kgxm2]     | IxzG[kgxm2]     | IyzG[kgxm2]     | 
------------------------------------------------------------------------------------------------------------------------------------------------------------------------------------------------------------------------------------------------------------------------------------------------------------------------------------------------------------------
0039_00_M_Flange_Foot2.1       |                                | 0,011           | 3,82044e-005    | 2710,000        | 0,104           | 83,505          | 13,973          | 30,048          | 1,72555e-005    | 4,17001e-005    | 5,18025e-005    | 5,18e-005       | 4,17e-005       | 1,726e-005      | -8,759e-024     | 2,215e-021      | 1,259e-007      | 
0041_02_M_Inlay_FT2.1          |                                | 0,022           | 1,99363e-005    | 2710,000        | 0,054           | 3,500           | 38,000          | -9,259          | 3,16193e-005    | 9,68685e-005    | 0,000117399     | 3,162e-005      | 1,174e-004      | 9,687e-005      | -7,287e-023     | -1,495e-020     | -2,981e-021     | 
0043_01_M_Bracket_FT2.1        |                                | 0,016           | 4,33061e-005    | 2710,000        | 0,117           | 2,76426e-006    | -18,639         | 10,922          | 0,000110422     | 0,000190586     | 0,000291078     | 1,104e-004      | 1,912e-004      | 2,904e-004      | 0               | 0               | 8,124e-006      | 
0044_00_Connector_Inlay_R.1    |                                | 0,023           | 7,90608e-005    | 2710,000        | 0,214           | 50,256          | -26,953         | -9,734          | 0,000138043     | 0,000471835     | 0,000596122     | 2,468e-004      | 3,631e-004      | 5,961e-004      | -1,564e-004     | 5,064e-007      | -9,127e-007     | 
------------------------------------------------------------------------------------------------------------------------------------------------------------------------------------------------------------------------------------------------------------------------------------------------------------------------------------------------------------------
------------------------------------------------------------------------------------------------------------------------------------------------------------------------------------------------------------------------------------------------------------------------------------------------------------------------------------------------------------------
0507_00_A_FOOT2_MODULE         |                                | 0,071           | 0,000180508     | 2710,000        | 0,489           | 40,072          | -9,123          | 3,694           | 0,000756485     | 0,001           | 0,002           | 8,203e-004      | 0,001           | 0,002           | -1,73e-004      | -8,03e-005      | -6,593e-005     | 
------------------------------------------------------------------------------------------------------------------------------------------------------------------------------------------------------------------------------------------------------------------------------------------------------------------------------------------------------------------

