--------------------------------------------------------------------------------------------------------------------------------------------------------------------------------------------------------------------------------------------------------------------------------------------------------------------------------------------------------------------
Product :	Hip
Date    :	Pazartesi, 07 Aðustos 2017 18:10:50
Author  :	mcy
"Only main bodies" option :	Unchecked
--------------------------------------------------------------------------------------------------------------------------------------------------------------------------------------------------------------------------------------------------------------------------------------------------------------------------------------------------------------------
Component                       | Sub-Component                   | Area[m2]        | Volume[m3]      | Density[kg_m3]  | Mass[kg]        | Gx[mm]          | Gy[mm]          | Gz[mm]          | M1[kgxm2]       | M2[kgxm2]       | M3[kgxm2]       | IoxG[kgxm2]     | IoyG[kgxm2]     | IozG[kgxm2]     | IxyG[kgxm2]     | IxzG[kgxm2]     | IyzG[kgxm2]     | 
--------------------------------------------------------------------------------------------------------------------------------------------------------------------------------------------------------------------------------------------------------------------------------------------------------------------------------------------------------------------
0092_00_M_Sensor_Fastener.1     |                                 | 0,005           | 5,78626e-006    | 2710,000        | 0,016           | 74,123          | 78,646          | -54,794         | 9,06797e-007    | 5,30283e-006    | 5,94043e-006    | 5,303e-006      | 5,94e-006       | 9,068e-007      | -1,154e-020     | -4,895e-020     | 9,938e-021      | 
0012_07_M_Shaft.1               |                                 | 0,009           | 3,14232e-005    | 2710,000        | 0,085           | 74,123          | 38,272          | -54,794         | 8,43159e-006    | 3,70978e-005    | 3,70979e-005    | 3,71e-005       | 8,432e-006      | 3,71e-005       | -1,059e-019     | 4,291e-012      | 2,971e-020      | 
0015_00_M_Housing_inner.1       |                                 | 0,012           | 2,95117e-005    | 2710,000        | 0,080           | 61,324          | 65,774          | -54,794         | 3,1601e-005     | 3,51782e-005    | 6,32891e-005    | 3,16e-005       | 6,329e-005      | 3,518e-005      | -1,147e-007     | 2,739e-020      | 1,024e-019      | 
0016_02_M_Housing_outer.1       |                                 | 0,033           | 7,34185e-005    | 2710,000        | 0,199           | 78,818          | 27,288          | -54,794         | 0,000166283     | 0,000215872     | 0,000373212     | 2,159e-004      | 3,732e-004      | 1,663e-004      | 2,8e-006        | -4,525e-019     | 6,835e-019      | 
0017_00_M_Housing_top.1         |                                 | 0,014           | 4,67171e-005    | 2710,000        | 0,127           | 27,684          | 47,194          | -54,794         | 2,65237e-005    | 5,19032e-005    | 6,99233e-005    | 6,992e-005      | 5,19e-005       | 2,652e-005      | -1,718e-019     | -3,859e-019     | 1,031e-019      | 
0063_00_M_End_Stop.1            |                                 | 0,002           | 2,60777e-006    | 2710,000        | 0,007           | 56,300          | 31,694          | -91,505         | 1,80233e-007    | 5,45349e-007    | 6,52165e-007    | 2,601e-007      | 6,522e-007      | 4,655e-007      | -1,011e-021     | 1,509e-007      | 1,08e-021       | 
0064_00_M_Washer.1              |                                 | 0,000941541     | 6,6325e-007     | 2710,000        | 0,002           | 58,047          | 21,694          | -92,118         | 3,75215e-008    | 1,53784e-007    | 1,90107e-007    | 5,8e-008        | 1,901e-007      | 1,333e-007      | -1,769e-023     | 4,429e-008      | 1,799e-022      | 
0065_00_M_Foam_1.1              |                                 | 0,002           | 4,45094e-006    | 910,000         | 0,004           | 74,079          | 29,259          | -94,922         | 1,13438e-007    | 5,13168e-007    | 5,19195e-007    | 1,354e-007      | 5,036e-007      | 5,069e-007      | -6,831e-008     | 6,013e-008      | 1,387e-008      | 
0066_00_M_Foam_2.1              |                                 | 0,002           | 4,45094e-006    | 910,000         | 0,004           | 74,079          | 29,259          | -14,666         | 1,13438e-007    | 5,13168e-007    | 5,19195e-007    | 1,354e-007      | 5,036e-007      | 5,069e-007      | -6,831e-008     | -6,013e-008     | -1,387e-008     | 
0064_00_M_Washer.2              |                                 | 0,000941541     | 6,6325e-007     | 2710,000        | 0,002           | 58,047          | 21,694          | -17,470         | 3,75215e-008    | 1,53784e-007    | 1,90107e-007    | 5,8e-008        | 1,901e-007      | 1,333e-007      | -3,204e-022     | -4,429e-008     | 2,733e-022      | 
0063_00_M_End_Stop.2            |                                 | 0,002           | 2,60777e-006    | 2710,000        | 0,007           | 56,300          | 31,694          | -18,083         | 1,80233e-007    | 5,45349e-007    | 6,52165e-007    | 2,601e-007      | 6,522e-007      | 4,655e-007      | -1,199e-021     | -1,509e-007     | 1,601e-021      | 
0025_00_M_B_Flange.1            |                                 | 0,010           | 1,23573e-005    | 2710,000        | 0,033           | -119,102        | 47,156          | -42,294         | 3,15259e-006    | 2,05609e-005    | 2,08108e-005    | 3,153e-006      | 2,056e-005      | 2,081e-005      | -3,352e-008     | -2,411e-011     | 1,323e-020      | 
0026_00_M_B_Clamp.1             |                                 | 0,004           | 7,87057e-006    | 2710,000        | 0,021           | -86,094         | 39,211          | -54,794         | 9,11598e-007    | 7,93997e-006    | 8,37814e-006    | 7,94e-006       | 8,378e-006      | 9,116e-007      | 8,049e-023      | -7,023e-021     | 6,18e-022       | 
0027_00_M_B_ClampConnector.1    |                                 | 0,006           | 1,14973e-005    | 2710,000        | 0,031           | -86,094         | 55,299          | -54,794         | 1,28841e-006    | 2,06099e-005    | 2,13049e-005    | 2,061e-005      | 2,13e-005       | 1,288e-006      | 1,277e-022      | -1,931e-020     | 1,657e-021      | 
0028_00_M_B_Plate.1             |                                 | 0,014           | 3,63115e-005    | 2710,000        | 0,098           | -64,094         | 63,694          | -55,278         | 3,67104e-005    | 6,72179e-005    | 0,000102881     | 6,722e-005      | 1,029e-004      | 3,671e-005      | -1,987e-019     | -3,324e-020     | 2,828e-020      | 
0068_00_M_Back_Flange.1         |                                 | 0,021           | 6,06553e-005    | 2710,000        | 0,164           | -64,094         | 79,776          | -2,767          | 2,14163e-005    | 0,000367252     | 0,000375678     | 2,142e-005      | 3,744e-004      | 3,685e-004      | 6,484e-020      | -5,534e-022     | -3,013e-006     | 
0027_00_M_B_ClampConnector.2    |                                 | 0,006           | 1,14973e-005    | 2710,000        | 0,031           | -42,094         | 55,299          | -54,794         | 1,28841e-006    | 2,06099e-005    | 2,13049e-005    | 2,061e-005      | 2,13e-005       | 1,288e-006      | 1,34e-022       | -5,408e-021     | 1,647e-021      | 
0025_00_M_B_Flange.2            |                                 | 0,010           | 1,23573e-005    | 2710,000        | 0,033           | -119,102        | 47,156          | -67,294         | 3,15259e-006    | 2,05609e-005    | 2,08108e-005    | 3,153e-006      | 2,056e-005      | 2,081e-005      | -3,352e-008     | -2,411e-011     | 2,345e-020      | 
0025_00_M_B_Flange.3            |                                 | 0,010           | 1,23573e-005    | 2710,000        | 0,033           | -9,085          | 47,156          | -42,294         | 3,15259e-006    | 2,05609e-005    | 2,08108e-005    | 3,153e-006      | 2,056e-005      | 2,081e-005      | 3,352e-008      | -2,411e-011     | -4,763e-020     | 
0025_00_M_B_Flange.4            |                                 | 0,010           | 1,23573e-005    | 2710,000        | 0,033           | -9,085          | 47,156          | -67,294         | 3,15259e-006    | 2,05609e-005    | 2,08108e-005    | 3,153e-006      | 2,056e-005      | 2,081e-005      | 3,352e-008      | -2,411e-011     | -4,897e-020     | 
0026_00_M_B_Clamp.2             |                                 | 0,004           | 7,87057e-006    | 2710,000        | 0,021           | -42,094         | 39,211          | -54,794         | 9,11598e-007    | 7,93997e-006    | 8,37814e-006    | 7,94e-006       | 8,378e-006      | 9,116e-007      | 3e-022          | -2,009e-021     | 5,932e-022      | 
0092_00_M_Sensor_Fastener.1     |                                 | 0,005           | 5,78626e-006    | 2710,000        | 0,016           | -202,310        | 78,646          | -54,794         | 9,06797e-007    | 5,30283e-006    | 5,94043e-006    | 5,303e-006      | 5,94e-006       | 9,068e-007      | 1,69e-020       | 7,433e-020      | 4,484e-020      | 
0012_07_M_Shaft.1               |                                 | 0,009           | 3,14232e-005    | 2710,000        | 0,085           | -202,310        | 38,272          | -54,794         | 8,43159e-006    | 3,70978e-005    | 3,70979e-005    | 3,71e-005       | 8,432e-006      | 3,71e-005       | 1,325e-019      | 4,291e-012      | 6,216e-020      | 
0015_00_M_Housing_inner.1       |                                 | 0,012           | 2,95117e-005    | 2710,000        | 0,080           | -189,511        | 65,774          | -54,794         | 3,1601e-005     | 3,51782e-005    | 6,32891e-005    | 3,16e-005       | 6,329e-005      | 3,518e-005      | 1,147e-007      | 5,373e-020      | 4,944e-019      | 
0016_02_M_Housing_outer.1       |                                 | 0,033           | 7,34185e-005    | 2710,000        | 0,199           | -207,006        | 27,288          | -54,794         | 0,000166283     | 0,000215872     | 0,000373212     | 2,159e-004      | 3,732e-004      | 1,663e-004      | -2,8e-006       | 1,46e-018       | 2,724e-018      | 
0017_00_M_Housing_top.1         |                                 | 0,014           | 4,67171e-005    | 2710,000        | 0,127           | -155,871        | 47,194          | -54,794         | 2,65237e-005    | 5,19032e-005    | 6,99233e-005    | 6,992e-005      | 5,19e-005       | 2,652e-005      | 2,337e-019      | 8,927e-019      | 3,828e-019      | 
0063_00_M_End_Stop.1            |                                 | 0,002           | 2,60777e-006    | 2710,000        | 0,007           | -184,487        | 31,694          | -18,083         | 1,80233e-007    | 5,45349e-007    | 6,52165e-007    | 2,601e-007      | 6,522e-007      | 4,655e-007      | 1,452e-021      | 1,509e-007      | 5,174e-021      | 
0064_00_M_Washer.1              |                                 | 0,000941541     | 6,6325e-007     | 2710,000        | 0,002           | -186,234        | 21,694          | -17,470         | 3,75215e-008    | 1,53784e-007    | 1,90107e-007    | 5,8e-008        | 1,901e-007      | 1,333e-007      | 1,35e-022       | 4,429e-008      | 1,643e-021      | 
0065_00_M_Foam_1.1              |                                 | 0,002           | 4,45094e-006    | 910,000         | 0,004           | -202,266        | 29,259          | -14,666         | 1,13438e-007    | 5,13168e-007    | 5,19195e-007    | 1,354e-007      | 5,036e-007      | 5,069e-007      | 6,831e-008      | 6,013e-008      | -1,387e-008     | 
0066_00_M_Foam_2.1              |                                 | 0,002           | 4,45094e-006    | 910,000         | 0,004           | -202,266        | 29,259          | -94,922         | 1,13438e-007    | 5,13168e-007    | 5,19195e-007    | 1,354e-007      | 5,036e-007      | 5,069e-007      | 6,831e-008      | -6,013e-008     | 1,387e-008      | 
0064_00_M_Washer.2              |                                 | 0,000941541     | 6,6325e-007     | 2710,000        | 0,002           | -186,234        | 21,694          | -92,118         | 3,75215e-008    | 1,53784e-007    | 1,90107e-007    | 5,8e-008        | 1,901e-007      | 1,333e-007      | 4,028e-022      | -4,429e-008     | 1,492e-021      | 
0063_00_M_End_Stop.2            |                                 | 0,002           | 2,60777e-006    | 2710,000        | 0,007           | -184,487        | 31,694          | -91,505         | 1,80233e-007    | 5,45349e-007    | 6,52165e-007    | 2,601e-007      | 6,522e-007      | 4,655e-007      | 1,521e-021      | -1,509e-007     | 4,46e-021       | 
--------------------------------------------------------------------------------------------------------------------------------------------------------------------------------------------------------------------------------------------------------------------------------------------------------------------------------------------------------------------
--------------------------------------------------------------------------------------------------------------------------------------------------------------------------------------------------------------------------------------------------------------------------------------------------------------------------------------------------------------------
Hip                             |                                 | 0,261           | 0,000589733     | Not uniform     | 1,566           | -64,094         | 47,669          | -49,364         | 0,002           | 0,019           | 0,020           | 0,002           | 0,02            | 0,019           | 1,071e-012      | -3,431e-010     | -2,768e-004     | 
--------------------------------------------------------------------------------------------------------------------------------------------------------------------------------------------------------------------------------------------------------------------------------------------------------------------------------------------------------------------

