----------------------------------------------------------------------------------------------------------------------------------------------------------------------------------------------------------------------------------------------------------------------------------------------------------------------------------------------------------------------
Product :	0501_02_A_Hip_abduction
Date    :	Pazartesi, 07 Aðustos 2017 13:25:56
Author  :	mcy
"Only main bodies" option :	Unchecked
----------------------------------------------------------------------------------------------------------------------------------------------------------------------------------------------------------------------------------------------------------------------------------------------------------------------------------------------------------------------
Component                        | Sub-Component                    | Area[m2]        | Volume[m3]      | Density[kg_m3]  | Mass[kg]        | Gx[mm]          | Gy[mm]          | Gz[mm]          | M1[kgxm2]       | M2[kgxm2]       | M3[kgxm2]       | IoxG[kgxm2]     | IoyG[kgxm2]     | IozG[kgxm2]     | IxyG[kgxm2]     | IxzG[kgxm2]     | IyzG[kgxm2]     | 
----------------------------------------------------------------------------------------------------------------------------------------------------------------------------------------------------------------------------------------------------------------------------------------------------------------------------------------------------------------------
0076_00_M_Screw_Stop.1           |                                  | 0,002           | 3,753e-006      | 7860,000        | 0,029           | 137,234         | 168,495         | -7,700          | 5,67336e-007    | 4,30861e-006    | 4,30861e-006    | 4,309e-006      | 5,673e-007      | 4,309e-006      | 1,311e-020      | 0               | 2,263e-023      | 
0032_01_M_Habd_Flange.1          |                                  | 0,017           | 5,42026e-005    | 2710,000        | 0,147           | -23,655         | 254,222         | -14,008         | 2,23344e-005    | 0,000226003     | 0,000240794     | 2,401e-004      | 2,26e-004       | 2,302e-005      | 9,938e-009      | 1,222e-005      | -2,367e-007     | 
0033_01_M_Habd_Clamp.1           |                                  | 0,007           | 1,78535e-005    | 2710,000        | 0,048           | -12,083         | 254,254         | 29,966          | 3,04444e-006    | 3,69357e-005    | 3,91304e-005    | 3,913e-005      | 3,694e-005      | 3,044e-006      | -3,549e-022     | 4,683e-010      | 7,311e-021      | 
0035_02_M_Habd_Buegel.1          |                                  | 0,048           | 0,000196385     | 2710,000        | 0,532           | 38,385          | 197,296         | 30,000          | 0,00068608      | 0,003           | 0,003           | 0,001           | 0,002           | 0,003           | 9,835e-004      | 2,168e-019      | -2,168e-019     | 
0036_00_M_Habd_Buegel_innen.1    |                                  | 0,013           | 2,33448e-005    | 1000,000        | 0,023           | 22,772          | 198,535         | 30,000          | 5,1433e-006     | 2,54588e-005    | 2,9902e-005     | 1,426e-005      | 2,078e-005      | 2,546e-005      | 1,194e-005      | -2,926e-020     | -6,254e-020     | 
0071_00_M_Hflex_Flange.1         |                                  | 0,016           | 4,75934e-005    | 2710,000        | 0,129           | 137,270         | 161,200         | -13,833         | 1,59857e-005    | 0,000224883     | 0,000234126     | 2,249e-004      | 2,335e-004      | 1,666e-005      | -9,746e-009     | 2,375e-007      | 1,21e-005       | 
0072_00_M_Hflex_Clamp.1          |                                  | 0,007           | 1,74374e-005    | 2710,000        | 0,047           | 137,234         | 172,815         | 30,917          | 3,01082e-006    | 3,52376e-005    | 3,74443e-005    | 3,524e-005      | 3,744e-005      | 3,012e-006      | -1,694e-021     | -1,047e-020     | 1,619e-007      | 
0073_00_M_Bolt_Abd.1             |                                  | 0,000512415     | 8,48492e-007    | 1000,000        | 0,000848492     | -31,513         | 235,229         | -12,355         | 6,74738e-009    | 2,35352e-008    | 2,35352e-008    | 6,747e-009      | 2,354e-008      | 2,354e-008      | 1,12e-025       | -7,746e-026     | -8,204e-026     | 
----------------------------------------------------------------------------------------------------------------------------------------------------------------------------------------------------------------------------------------------------------------------------------------------------------------------------------------------------------------------
----------------------------------------------------------------------------------------------------------------------------------------------------------------------------------------------------------------------------------------------------------------------------------------------------------------------------------------------------------------------
0501_02_A_Hip_abduction          |                                  | 0,110           | 0,000361419     | Not uniform     | 0,957           | 47,119          | 202,014         | 16,187          | 0,002           | 0,007           | 0,007           | 0,003           | 0,006           | 0,007           | 0,002           | 1,58e-004       | 8,405e-005      | 
----------------------------------------------------------------------------------------------------------------------------------------------------------------------------------------------------------------------------------------------------------------------------------------------------------------------------------------------------------------------

