------------------------------------------------------------------------------------------------------------------------------------------------------------------------------------------------------------------------------------------------------------------------------------------------------------------------------------------------------------------
Product :	Shank
Date    :	Pazartesi, 07 Aðustos 2017 18:10:05
Author  :	mcy
"Only main bodies" option :	Unchecked
------------------------------------------------------------------------------------------------------------------------------------------------------------------------------------------------------------------------------------------------------------------------------------------------------------------------------------------------------------------
Component                      | Sub-Component                  | Area[m2]        | Volume[m3]      | Density[kg_m3]  | Mass[kg]        | Gx[mm]          | Gy[mm]          | Gz[mm]          | M1[kgxm2]       | M2[kgxm2]       | M3[kgxm2]       | IoxG[kgxm2]     | IoyG[kgxm2]     | IozG[kgxm2]     | IxyG[kgxm2]     | IxzG[kgxm2]     | IyzG[kgxm2]     | 
------------------------------------------------------------------------------------------------------------------------------------------------------------------------------------------------------------------------------------------------------------------------------------------------------------------------------------------------------------------
0092_00_M_Sensor_Fastener.1    |                                | 0,005           | 5,78626e-006    | 2710,000        | 0,016           | 18,500          | -76,330         | -379,180        | 9,06797e-007    | 5,30283e-006    | 5,94043e-006    | 9,068e-007      | 5,94e-006       | 5,303e-006      | -5,455e-022     | -9,101e-021     | 4,076e-021      | 
0012_07_M_Shaft.1              |                                | 0,009           | 3,14232e-005    | 2710,000        | 0,085           | 18,500          | -35,956         | -379,180        | 8,43159e-006    | 3,70978e-005    | 3,70979e-005    | 3,71e-005       | 8,432e-006      | 3,71e-005       | -2,112e-021     | 4,291e-012      | -5,857e-020     | 
0015_00_M_Housing_inner.1      |                                | 0,012           | 2,95117e-005    | 2710,000        | 0,080           | 18,500          | -63,458         | -366,380        | 3,1601e-005     | 3,51782e-005    | 6,32891e-005    | 3,518e-005      | 6,329e-005      | 3,16e-005       | -2,242e-020     | -1,01e-021      | -1,147e-007     | 
0016_02_M_Housing_outer.1      |                                | 0,033           | 7,34185e-005    | 2710,000        | 0,199           | 18,500          | -24,972         | -383,875        | 0,000166283     | 0,000215872     | 0,000373212     | 1,663e-004      | 3,732e-004      | 2,159e-004      | -1,499e-021     | 9,347e-021      | 2,8e-006        | 
0017_00_M_Housing_top.1        |                                | 0,014           | 4,67171e-005    | 2710,000        | 0,127           | 18,500          | -44,878         | -332,740        | 2,65237e-005    | 5,19032e-005    | 6,99233e-005    | 2,652e-005      | 5,19e-005       | 6,992e-005      | 2,709e-021      | 9,43e-021       | -1,526e-020     | 
0063_00_M_End_Stop.1           |                                | 0,002           | 2,60777e-006    | 2710,000        | 0,007           | 55,211          | -29,378         | -361,356        | 1,80233e-007    | 5,45349e-007    | 6,52165e-007    | 4,655e-007      | 6,522e-007      | 2,601e-007      | -1,152e-022     | 1,509e-007      | 3,582e-022      | 
0064_00_M_Washer.1             |                                | 0,000941541     | 6,6325e-007     | 2710,000        | 0,002           | 55,824          | -19,378         | -363,103        | 3,75215e-008    | 1,53784e-007    | 1,90107e-007    | 1,333e-007      | 1,901e-007      | 5,8e-008        | -1,673e-022     | 4,429e-008      | 3,66e-022       | 
0065_00_M_Foam_1.1             |                                | 0,002           | 4,45094e-006    | 910,000         | 0,004           | 58,628          | -26,943         | -379,135        | 1,13438e-007    | 5,13168e-007    | 5,19195e-007    | 5,069e-007      | 5,036e-007      | 1,354e-007      | 1,387e-008      | 6,013e-008      | -6,831e-008     | 
0066_00_M_Foam_2.1             |                                | 0,002           | 4,45094e-006    | 910,000         | 0,004           | -21,628         | -26,943         | -379,135        | 1,13438e-007    | 5,13168e-007    | 5,19195e-007    | 5,069e-007      | 5,036e-007      | 1,354e-007      | -1,387e-008     | -6,013e-008     | -6,831e-008     | 
0064_00_M_Washer.2             |                                | 0,000941541     | 6,6325e-007     | 2710,000        | 0,002           | -18,824         | -19,378         | -363,103        | 3,75215e-008    | 1,53784e-007    | 1,90107e-007    | 1,333e-007      | 1,901e-007      | 5,8e-008        | -1,493e-022     | -4,429e-008     | 1,052e-022      | 
0063_00_M_End_Stop.2           |                                | 0,002           | 2,60777e-006    | 2710,000        | 0,007           | -18,211         | -29,378         | -361,356        | 1,80233e-007    | 5,45349e-007    | 6,52165e-007    | 4,655e-007      | 6,522e-007      | 2,601e-007      | 1,484e-022      | -1,509e-007     | 3,131e-022      | 
0067_00_M_Bolt_Stop.1          |                                | 0,000829176     | 1,72028e-006    | 1000,000        | 0,002           | 18,500          | -27,878         | 11,678          | 2,14208e-008    | 7,95105e-008    | 7,95105e-008    | 7,951e-008      | 2,142e-008      | 7,951e-008      | -8,066e-026     | 3,231e-024      | 4,326e-024      | 
0018_00_M_Flange_Shank.1       |                                | 0,019           | 6,22695e-005    | 2710,000        | 0,169           | 18,475          | -43,931         | 21,505          | 3,63693e-005    | 0,000131175     | 0,000154477     | 1,312e-004      | 1,545e-004      | 3,637e-005      | 2,197e-010      | 1,98e-007       | -8,731e-008     | 
0019_00_M_Shank_long.1         |                                | 0,027           | 2,70177e-005    | 2710,000        | 0,073           | -1,000          | -43,878         | -160,651        | 7,39501e-006    | 0,000285739     | 0,000285739     | 2,857e-004      | 2,857e-004      | 7,395e-006      | 1,121e-019      | 6,798e-020      | 7,946e-020      | 
0020_00_M_Shank_short.1        |                                | 0,011           | 1,12595e-005    | 2710,000        | 0,031           | -1,000          | -43,878         | -256,180        | 1,98336e-006    | 3,28881e-005    | 3,28881e-005    | 3,289e-005      | 3,289e-005      | 1,983e-006      | -4,932e-020     | 1,166e-020      | 2,512e-021      | 
0023_00_M_T_Flange.1           |                                | 0,011           | 2,19449e-005    | 2710,000        | 0,059           | 18,500          | -43,987         | -312,643        | 7,34857e-006    | 2,32165e-005    | 2,3342e-005     | 7,349e-006      | 2,327e-005      | 2,329e-005      | 1,509e-020      | 5,262e-021      | -6,149e-008     | 
0024_00_M_Clamp_ShTh.1         |                                | 0,006           | 1,20099e-005    | 2710,000        | 0,033           | 18,500          | -43,773         | -263,151        | 3,7977e-006     | 1,15405e-005    | 1,47751e-005    | 3,798e-006      | 1,154e-005      | 1,478e-005      | 1,581e-021      | -2,079e-022     | 1,732e-022      | 
0020_00_M_Shank_short.2        |                                | 0,011           | 1,12595e-005    | 2710,000        | 0,031           | -1,000          | -43,878         | -65,122         | 1,98336e-006    | 3,28881e-005    | 3,28881e-005    | 3,289e-005      | 3,289e-005      | 1,983e-006      | 7,285e-021      | -2,087e-022     | -2,836e-022     | 
0020_00_M_Shank_short.3        |                                | 0,011           | 1,12595e-005    | 2710,000        | 0,031           | 38,000          | -43,878         | -256,180        | 1,98336e-006    | 3,28881e-005    | 3,28881e-005    | 3,289e-005      | 3,289e-005      | 1,983e-006      | 4,035e-020      | 2,344e-020      | -2,261e-021     | 
0020_00_M_Shank_short.4        |                                | 0,011           | 1,12595e-005    | 2710,000        | 0,031           | 38,000          | -43,878         | -65,122         | 1,98336e-006    | 3,28881e-005    | 3,28881e-005    | 3,289e-005      | 3,289e-005      | 1,983e-006      | 3,362e-021      | 3,655e-022      | -2,16e-021      | 
0019_00_M_Shank_long.2         |                                | 0,027           | 2,70177e-005    | 2710,000        | 0,073           | 38,000          | -43,878         | -160,651        | 7,39501e-006    | 0,000285739     | 0,000285739     | 2,857e-004      | 2,857e-004      | 7,395e-006      | -8,967e-021     | -2,03e-020      | -3,718e-020     | 
0024_00_M_Clamp_ShTh.2         |                                | 0,006           | 1,20099e-005    | 2710,000        | 0,033           | 18,500          | -43,773         | -58,151         | 3,7977e-006     | 1,15405e-005    | 1,47751e-005    | 3,798e-006      | 1,154e-005      | 1,478e-005      | 2,481e-021      | -2,635e-023     | 2,132e-022      | 
------------------------------------------------------------------------------------------------------------------------------------------------------------------------------------------------------------------------------------------------------------------------------------------------------------------------------------------------------------------
------------------------------------------------------------------------------------------------------------------------------------------------------------------------------------------------------------------------------------------------------------------------------------------------------------------------------------------------------------------
Shank                          |                                | 0,226           | 0,000411328     | Not uniform     | 1,096           | 18,496          | -41,429         | -240,988        | 0,000730669     | 0,026           | 0,026           | 0,026           | 0,026           | 7,37e-004       | -1,013e-008     | 1,283e-006      | 4,036e-004      | 
------------------------------------------------------------------------------------------------------------------------------------------------------------------------------------------------------------------------------------------------------------------------------------------------------------------------------------------------------------------

