------------------------------------------------------------------------------------------------------------------------------------------------------------------------------------------------------------------------------------------------------------------------------------------------------------------------------------------------------------------
Product :	Thigh
Date    :	Pazartesi, 07 Aðustos 2017 18:10:27
Author  :	mcy
"Only main bodies" option :	Unchecked
------------------------------------------------------------------------------------------------------------------------------------------------------------------------------------------------------------------------------------------------------------------------------------------------------------------------------------------------------------------
Component                      | Sub-Component                  | Area[m2]        | Volume[m3]      | Density[kg_m3]  | Mass[kg]        | Gx[mm]          | Gy[mm]          | Gz[mm]          | M1[kgxm2]       | M2[kgxm2]       | M3[kgxm2]       | IoxG[kgxm2]     | IoyG[kgxm2]     | IozG[kgxm2]     | IxyG[kgxm2]     | IxzG[kgxm2]     | IyzG[kgxm2]     | 
------------------------------------------------------------------------------------------------------------------------------------------------------------------------------------------------------------------------------------------------------------------------------------------------------------------------------------------------------------------
0092_00_M_Sensor_Fastener.1    |                                | 0,005           | 5,78626e-006    | 2710,000        | 0,016           | 19,500          | -33,994         | 514,318         | 9,06797e-007    | 5,30283e-006    | 5,94043e-006    | 9,068e-007      | 5,94e-006       | 5,303e-006      | 1,518e-020      | 8,787e-021      | 5,688e-021      | 
0012_07_M_Shaft.1              |                                | 0,009           | 3,14232e-005    | 2710,000        | 0,085           | 19,500          | 6,380           | 514,318         | 8,43159e-006    | 3,70978e-005    | 3,70979e-005    | 3,71e-005       | 8,432e-006      | 3,71e-005       | -1,794e-020     | 4,291e-012      | 1,023e-019      | 
0015_00_M_Housing_inner.1      |                                | 0,012           | 2,95117e-005    | 2710,000        | 0,080           | 19,500          | -21,122         | 501,518         | 3,1601e-005     | 3,51782e-005    | 6,32891e-005    | 3,518e-005      | 6,329e-005      | 3,16e-005       | 1,497e-019      | 1,274e-019      | 1,147e-007      | 
0016_02_M_Housing_outer.1      |                                | 0,033           | 7,34185e-005    | 2710,000        | 0,199           | 19,500          | 17,364          | 519,013         | 0,000166283     | 0,000215872     | 0,000373212     | 1,663e-004      | 3,732e-004      | 2,159e-004      | 7,873e-019      | 8,24e-019       | -2,8e-006       | 
0017_00_M_Housing_top.1        |                                | 0,014           | 4,67171e-005    | 2710,000        | 0,127           | 19,500          | -2,542          | 467,878         | 2,65237e-005    | 5,19032e-005    | 6,99233e-005    | 2,652e-005      | 5,19e-005       | 6,992e-005      | 1,04e-019       | 2,558e-019      | 1,244e-019      | 
0063_00_M_End_Stop.1           |                                | 0,002           | 2,60777e-006    | 2710,000        | 0,007           | -17,211         | 12,958          | 496,495         | 1,80233e-007    | 5,45349e-007    | 6,52165e-007    | 4,655e-007      | 6,522e-007      | 2,601e-007      | 1,458e-021      | 1,509e-007      | 2,158e-022      | 
0064_00_M_Washer.1             |                                | 0,000941541     | 6,6325e-007     | 2710,000        | 0,002           | -17,824         | 22,958          | 498,242         | 3,75215e-008    | 1,53784e-007    | 1,90107e-007    | 1,333e-007      | 1,901e-007      | 5,8e-008        | 5,616e-022      | 4,429e-008      | -2,17e-022      | 
0065_00_M_Foam_1.1             |                                | 0,002           | 4,45094e-006    | 910,000         | 0,004           | -20,628         | 15,393          | 514,274         | 1,13438e-007    | 5,13168e-007    | 5,19195e-007    | 5,069e-007      | 5,036e-007      | 1,354e-007      | -1,387e-008     | 6,013e-008      | 6,831e-008      | 
0066_00_M_Foam_2.1             |                                | 0,002           | 4,45094e-006    | 910,000         | 0,004           | 59,628          | 15,393          | 514,274         | 1,13438e-007    | 5,13168e-007    | 5,19195e-007    | 5,069e-007      | 5,036e-007      | 1,354e-007      | 1,387e-008      | -6,013e-008     | 6,831e-008      | 
0064_00_M_Washer.2             |                                | 0,000941541     | 6,6325e-007     | 2710,000        | 0,002           | 56,824          | 22,958          | 498,242         | 3,75215e-008    | 1,53784e-007    | 1,90107e-007    | 1,333e-007      | 1,901e-007      | 5,8e-008        | 4,54e-022       | -4,429e-008     | 1,448e-022      | 
0063_00_M_End_Stop.2           |                                | 0,002           | 2,60777e-006    | 2710,000        | 0,007           | 56,211          | 12,958          | 496,495         | 1,80233e-007    | 5,45349e-007    | 6,52165e-007    | 4,655e-007      | 6,522e-007      | 2,601e-007      | 8,888e-022      | -1,509e-007     | 6,052e-022      | 
0023_00_M_T_Flange.1           |                                | 0,011           | 2,19449e-005    | 2710,000        | 0,059           | 19,500          | -1,651          | 9,537           | 7,34857e-006    | 2,32165e-005    | 2,3342e-005     | 7,349e-006      | 2,327e-005      | 2,329e-005      | 0               | 0               | -6,149e-008     | 
0021_00_M_Thigh_long.1         |                                | 0,029           | 2,84056e-005    | 2710,000        | 0,077           | 39,000          | -1,542          | 228,659         | 7,77512e-006    | 0,000332162     | 0,000332194     | 3,322e-004      | 3,322e-004      | 7,775e-006      | -1,251e-009     | 4,031e-022      | -4,027e-020     | 
0022_00_M_Thigh_short.1        |                                | 0,017           | 1,65876e-005    | 2710,000        | 0,045           | 39,000          | -1,542          | 92,500          | 2,92191e-006    | 0,000103447     | 0,000103447     | 1,034e-004      | 1,034e-004      | 2,922e-006      | 1,595e-017      | -1,058e-018     | 8,935e-020      | 
0022_00_M_Thigh_short.2        |                                | 0,017           | 1,65876e-005    | 2710,000        | 0,045           | 39,000          | -1,542          | 364,818         | 2,92191e-006    | 0,000103447     | 0,000103447     | 1,034e-004      | 1,034e-004      | 2,922e-006      | 2,146e-017      | -1,43e-018      | 1,271e-019      | 
0022_00_M_Thigh_short.3        |                                | 0,017           | 1,65876e-005    | 2710,000        | 0,045           | 1,92083e-012    | -1,542          | 364,818         | 2,92191e-006    | 0,000103447     | 0,000103447     | 1,034e-004      | 1,034e-004      | 2,922e-006      | 3,793e-017      | -2,517e-018     | 2,363e-019      | 
0022_00_M_Thigh_short.4        |                                | 0,017           | 1,65876e-005    | 2710,000        | 0,045           | -1,0367e-012    | -1,542          | 92,500          | 2,92191e-006    | 0,000103447     | 0,000103447     | 1,034e-004      | 1,034e-004      | 2,922e-006      | 2,008e-017      | -1,332e-018     | 1,18e-019       | 
0023_00_M_T_Flange.2           |                                | 0,011           | 2,19449e-005    | 2710,000        | 0,059           | 19,500          | -1,434          | 447,781         | 7,34857e-006    | 2,32165e-005    | 2,3342e-005     | 7,349e-006      | 2,327e-005      | 2,329e-005      | 1,58e-020       | -3,521e-022     | -6,149e-008     | 
0021_00_M_Thigh_long.2         |                                | 0,029           | 2,84056e-005    | 2710,000        | 0,077           | -5,28651e-015   | -1,542          | 228,659         | 7,77512e-006    | 0,000332162     | 0,000332194     | 3,322e-004      | 3,322e-004      | 7,775e-006      | -1,251e-009     | 1,108e-020      | -8,087e-020     | 
0024_00_M_Clamp_ShTh.1         |                                | 0,006           | 1,20099e-005    | 2710,000        | 0,033           | 19,500          | -1,437          | 120,159         | 3,7977e-006     | 1,15405e-005    | 1,47751e-005    | 3,798e-006      | 1,154e-005      | 1,478e-005      | -3,165e-021     | 8,901e-022      | 4,592e-022      | 
0024_00_M_Clamp_ShTh.2         |                                | 0,006           | 1,20099e-005    | 2710,000        | 0,033           | 19,500          | -1,437          | 337,159         | 3,7977e-006     | 1,15405e-005    | 1,47751e-005    | 3,798e-006      | 1,154e-005      | 1,478e-005      | -2,013e-021     | 2,89e-037       | 5,193e-022      | 
0092_00_M_Sensor_Fastener.1    |                                | 0,005           | 5,78626e-006    | 2710,000        | 0,016           | 19,500          | -33,994         | -57,000         | 9,06797e-007    | 5,30283e-006    | 5,94043e-006    | 9,068e-007      | 5,94e-006       | 5,303e-006      | -1,243e-022     | -1,193e-020     | 8,732e-022      | 
0012_07_M_Shaft.1              |                                | 0,009           | 3,14232e-005    | 2710,000        | 0,085           | 19,500          | 6,380           | -57,000         | 8,43159e-006    | 3,70978e-005    | 3,70979e-005    | 3,71e-005       | 8,432e-006      | 3,71e-005       | 3,62e-022       | 4,291e-012      | -5,32e-020      | 
0015_00_M_Housing_inner.1      |                                | 0,012           | 2,95117e-005    | 2710,000        | 0,080           | 19,500          | -21,122         | -44,201         | 3,1601e-005     | 3,51782e-005    | 6,32891e-005    | 3,518e-005      | 6,329e-005      | 3,16e-005       | -1,653e-020     | -1,003e-020     | -1,147e-007     | 
0016_02_M_Housing_outer.1      |                                | 0,033           | 7,34185e-005    | 2710,000        | 0,199           | 19,500          | 17,364          | -61,695         | 0,000166283     | 0,000215872     | 0,000373212     | 1,663e-004      | 3,732e-004      | 2,159e-004      | 2,907e-020      | -7,151e-020     | 2,8e-006        | 
0017_00_M_Housing_top.1        |                                | 0,014           | 4,67171e-005    | 2710,000        | 0,127           | 19,500          | -2,542          | -10,561         | 2,65237e-005    | 5,19032e-005    | 6,99233e-005    | 2,652e-005      | 5,19e-005       | 6,992e-005      | 7,364e-021      | -2,399e-020     | -3,533e-020     | 
0063_00_M_End_Stop.1           |                                | 0,002           | 2,60777e-006    | 2710,000        | 0,007           | 56,211          | 12,958          | -39,177         | 1,80233e-007    | 5,45349e-007    | 6,52165e-007    | 4,655e-007      | 6,522e-007      | 2,601e-007      | 8,62e-025       | 1,509e-007      | -9,34e-023      | 
0064_00_M_Washer.1             |                                | 0,000941541     | 6,6325e-007     | 2710,000        | 0,002           | 56,824          | 22,958          | -40,924         | 3,75215e-008    | 1,53784e-007    | 1,90107e-007    | 1,333e-007      | 1,901e-007      | 5,8e-008        | -1,335e-022     | 4,429e-008      | 2,284e-022      | 
0065_00_M_Foam_1.1             |                                | 0,002           | 4,45094e-006    | 910,000         | 0,004           | 59,628          | 15,393          | -56,956         | 1,13438e-007    | 5,13168e-007    | 5,19195e-007    | 5,069e-007      | 5,036e-007      | 1,354e-007      | 1,387e-008      | 6,013e-008      | -6,831e-008     | 
0066_00_M_Foam_2.1             |                                | 0,002           | 4,45094e-006    | 910,000         | 0,004           | -20,628         | 15,393          | -56,956         | 1,13438e-007    | 5,13168e-007    | 5,19195e-007    | 5,069e-007      | 5,036e-007      | 1,354e-007      | -1,387e-008     | -6,013e-008     | -6,831e-008     | 
0064_00_M_Washer.2             |                                | 0,000941541     | 6,6325e-007     | 2710,000        | 0,002           | -17,824         | 22,958          | -40,924         | 3,75215e-008    | 1,53784e-007    | 1,90107e-007    | 1,333e-007      | 1,901e-007      | 5,8e-008        | -1,452e-022     | -4,429e-008     | -3,707e-023     | 
0063_00_M_End_Stop.2           |                                | 0,002           | 2,60777e-006    | 2710,000        | 0,007           | -17,211         | 12,958          | -39,177         | 1,80233e-007    | 5,45349e-007    | 6,52165e-007    | 4,655e-007      | 6,522e-007      | 2,601e-007      | 1,632e-022      | -1,509e-007     | -1,544e-022     | 
------------------------------------------------------------------------------------------------------------------------------------------------------------------------------------------------------------------------------------------------------------------------------------------------------------------------------------------------------------------
------------------------------------------------------------------------------------------------------------------------------------------------------------------------------------------------------------------------------------------------------------------------------------------------------------------------------------------------------------------
Thigh                          |                                | 0,325           | 0,000595673     | Not uniform     | 1,582           | 19,500          | 1,831           | 228,659         | 0,001           | 0,092           | 0,092           | 0,092           | 0,092           | 0,001           | -2,501e-009     | -1,981e-011     | -2,949e-006     | 
------------------------------------------------------------------------------------------------------------------------------------------------------------------------------------------------------------------------------------------------------------------------------------------------------------------------------------------------------------------

